NIU: 1493037
NOM: Juan Carlos
COGNOMS: Soriano Valle

n-reines: 100
TEMPS TOTAL: 0.807414
TEMPS SOLUCIO: 0.807110
INTENT: 501
ITERACIONS: 22584
SOLUCIO:  85   3   7  70  55  93  35  54  17   4  21  95  15  83   2  76  97  62  44  59  32  71  66  82  46  26  88  16  28  60  99  64  80  47  24  41  63  74   1  43   8  96  12  23  11  30  22  79  90  45  37  42  31  78  92  53  13  91  81  56  75  89  39  98   0  84  87  77  18  50  86  10   5  72  68  27  94  51  25  61  20   9  36  49  40  69  34  73  19  33  14   6  29  48  65  57  38  58  67  52 

n-reines: 101
TEMPS TOTAL: 5.355626
TEMPS SOLUCIO: 4.547890
INTENT: 2689
ITERACIONS: 122922
SOLUCIO:  88  62  17  23  64  76  59   9  90  74  69  97  92  21  70  31  79   6  22  26  33  61  36  51  53  44  16  24  38   7  56  58  71  28  46  57  81   4   0  85  78  73  14  29  65  89 100  82  91  72  35  27  93  18  96  15  80   5  52  41  77  32  43  13  11  95  66  60  45  30  49   2  83  98  48  67  39  19  84  47  55  99  87   8   3  40  25  10  42  34  63  75  20  94  12  86  37  54  50  68   1 

n-reines: 102
TEMPS TOTAL: 5.652527
TEMPS SOLUCIO: 0.296754
INTENT: 175
ITERACIONS: 8059
SOLUCIO:  46  11  88  22  65  60  99  89  25  97  48  34  45  37  62  57  28  15  55  51  31  80  67  30  54  69  13  66   2  92  79   4  75  29  63  76  72  77  23  95  12  38  17 100  96   3   9  24  98  43  18  16  47   7  33  26  70  61   8  93  52  49  40  85  73  35  19  10  74  14  83  91  32  56  50  42 101  68  78  84  81   5   0  64  41   6  94  86  44  71  59  39  58  82   1  21  27  90  53  36  20  87 

n-reines: 103
TEMPS TOTAL: 6.959287
TEMPS SOLUCIO: 1.306593
INTENT: 734
ITERACIONS: 34245
SOLUCIO:  51  56  45  74  48  50  39  31  58  73  83  22  69  41  91  28   7  75  10  27  59  63  54   2 100  37   9  14  55  36  98  92  46  79  35  13  71  93  68 102   4   1  80  72  66  49  43  16  88  97   3  47   6  87  17  12  65  15  95   5  40  76  82  38  11  32  42  19  57  62  64  33  90  29   0  24 101  94  18  85  23  84  81   8  34  44  30  26  61  20  60  52  77  21  99  25  96  78  70  67  86  89  53 

n-reines: 104
TEMPS TOTAL: 7.962189
TEMPS SOLUCIO: 1.002715
INTENT: 560
ITERACIONS: 26304
SOLUCIO:  25  27  74  82  40  36  45  35   7  28  67  24  34  60  49   6  79  94  32  42  13  69  14  55  68  92  78  22   3  80  70  89  93  75  30  59   2  10  76  88  17  41  57 102  15  65  51  19  81  47  84  21  95  63  61  43  72  18  23  96   0  58   8  26  48  86  56  12   1  98  71  50  99  53  33  62  29  83  90  97   4  85   9  91  73  16  20  44  66 100  46  11  54  31 103  38  77  64   5 101  52  87  37  39 

n-reines: 105
TEMPS TOTAL: 9.836250
TEMPS SOLUCIO: 1.873889
INTENT: 997
ITERACIONS: 47364
SOLUCIO:  40  32  97  36  27  68  75  46  51  41  45  10  82  17  86  31  35  39   4  47  64  50  60  72  38  90  87  53   9  88  92   1  33  69  24  52  83  15   5  28  58  94 100  91  96   0  61  71  98  79  19  23  57  95  42  21  65  49  78  93  43   7  70  20  37  59  13  63  29   8  73  62   3  18  16  11  34 104  99  89  67  30  80  48  77  85  81   6 101  66   2  14  12  44  26  54 102  76  25  55  74 103  84  56  22 

n-reines: 106
TEMPS TOTAL: 10.086896
TEMPS SOLUCIO: 0.250475
INTENT: 133
ITERACIONS: 6388
SOLUCIO:  20   8  39  89  82  19  52  66  41  24  32  63  15  71  25   7  40  64  90  35  26  31  50  76  29  96  43  97  70  73  49  58  62  95 101  78  57  77 103  12  94   2   6  42  38  33  16  36  27  81  79  13  65  84 102  51  54   0   5  28 105   9  98  86   4  74  92  48  80  34   1  47  23  18  30  93  60  55  53 104  21  83  69  91  61  67  14  22  59  44  56  88  75  45   3  10 100  46  72  17  11  68  87  37  99  85 

n-reines: 107
TEMPS TOTAL: 10.431609
TEMPS SOLUCIO: 0.344562
INTENT: 171
ITERACIONS: 8286
SOLUCIO:  11  71  63  96 101  20  80  37  29  44  64  66  51  76  19  65  26  24   5  84  38  69   2   7  90  57  17 102  18  41  27   8  74  33  91  10  73  82  30  13  67  92 104  49  93  39 105  32   6  47  28  87  60  70  50  77  75  98  81  88  94   0  21   1  78  53  15  95  72 100  25  22  16  86  99  42  40  23  43  62  56  34  48 103  79  58  85  35  89  45 106  54  61   9   3  97  31  59  52  36  68  12  83  46   4  55  14 

n-reines: 108
TEMPS TOTAL: 11.974343
TEMPS SOLUCIO: 1.542424
INTENT: 764
ITERACIONS: 37295
SOLUCIO:  53   0  58  88  40  26  51  30  54  74  80   1  14  41 100  56  25  39  86  13  45  19  55  24   9 101 104  61  95  34  69  42  87  82  47  78  50  18  96  68  36  33  99  63   5 107  64  73  32   3  92  15 102 105   4 106  22  46  44  38  75  71   6  90  81  43 103  98  11  31  28  23  72  12  48  91  17  10  65  16  77  52   2  76  37  97  62  93  79  29  21  59  57   8  66  83  20  27  49  94  70  35   7  60  67  85  89  84 

n-reines: 109
TEMPS TOTAL: 13.937934
TEMPS SOLUCIO: 1.963480
INTENT: 940
ITERACIONS: 46461
SOLUCIO:  87  46  24  37  88  51  32  58  36  53  57   3  83  10  72  65   5  40  80  74  19  75  79  66  60  49 108  96  41 107  12  52   1  28  38  11  39 102  69  76  81 104  21  16   6  84 105  17  20  64   4   0  45  67  22  61  34  31  42  23  92  71 100  48   2  73  82  14  85  94 103  59   7  33  86  30   9  97  26  62  99  47  68   8  43  50  91  78  55  70  90  35  93  56  25  27  18  13  44  95  98  54  89  15 106  63  77 101  29 

n-reines: 110
TEMPS TOTAL: 18.477019
TEMPS SOLUCIO: 4.538921
INTENT: 2125
ITERACIONS: 106052
SOLUCIO:  53  15  88  11  89  20  67  47  21  46  78  38  96  59  68  94  41   7  18  76  31  49  17 100  62   1  84  34  48  95   8  60 104  35  64  80  99  29 108  57  74  91 106  69   3  36  10  28  16  71  97  70  87  24  43  25 105 109   9  83  58  77  27  86  52  14  12  33   6  81  73  40  22  72  54  85  37  30   5  51  19  56 103   4   0  90  92  39  45  93 107  13  66 102  50  82  75  79  65  42  55  26  32  61   2  98  23 101  44  63 

n-reines: 111
TEMPS TOTAL: 18.795476
TEMPS SOLUCIO: 0.318292
INTENT: 148
ITERACIONS: 7344
SOLUCIO:  30  35  57  28  10  46  92  72  89  76  50  23  38 107   3  68  84  59  51  42  47  75  79  19  34  43  39 104  16  98  82  55  49 109   4  37  83   8  67  54 110  32  15  21  90  77   7  33  97  87  85   5   0 101  74  48 100 102  80  25  69  13   1  63 103  12  94  86  53  70  91  61 108  22  88  62  14  36  52  44   2  27  58   9  65  26  18  29  60  96 106  11  95   6  71  99  56  81  17  93  24  45  31  78  73  20 105  40  66  64  41 

n-reines: 112
TEMPS TOTAL: 19.372507
TEMPS SOLUCIO: 0.576908
INTENT: 255
ITERACIONS: 12978
SOLUCIO:   7  39 101   0  28  46  89  34  73  41  72   2  78  35  20  84 111  69  90   8  53  15  22  93  81  36   5   3 103  17  85  45  42  54  95  63  94  27  30  98  14  71  43  97  75  11  24 107  88  51  12  67  61 100  52 105 102  65  87  82  29 104  32  83  50  60   9 106  16  33  47  96  25   6  49  74  48  80  18  31  76  10   1 109  23  19  57  99  92   4  21 110  77  40  26  79  59  55  91  64  68  58  62 108  86  56  44  37  13  70  38  66 

n-reines: 113
TEMPS TOTAL: 20.899339
TEMPS SOLUCIO: 1.526591
INTENT: 660
ITERACIONS: 33889
SOLUCIO:  91   3  11  23  30  62 105 111  54  88  32  92  81  20  24  45  61  99  13  71   8  79  73  50  52   7  63  97  95 112 106  78  75  19  48   0  72   6   9  74  90  39  16 108  44  51  26  65  67  57  33  15  86  10 107   2  49  89  87  58   4  14  12  94  34  82   5  68  17 102  31 109  53  60  36  69  43 100  21  47  76  85 103  98  18 110  77  35 104  25  41   1  70  96  46  84 101  56  29  59  28  42  37  66  80  27  64  22  40  93  55  83  38 

n-reines: 114
TEMPS TOTAL: 21.212561
TEMPS SOLUCIO: 0.313112
INTENT: 130
ITERACIONS: 6785
SOLUCIO:  23  34  90  41  73  17  52  44  30  10  69  37 108 102  86  54  45  33  53  67  70  89  58   5 101 104  11   3  35  82   2   8  62  14  83  22  77  47  43  91  19  75  31  99  64  87   6  92 106  49 105  94  66  97 111  72  88  76  38   9   4  74  61 103  18  56  68  36  27  16  78  98  21  26  40  32   0  29  71 107  25   7  20  57 109 100  95  50  24  81  93  55  96  63  28  46  13  80  65  60  84  59 113   1  39  42 112  85  79  48  51  15  12 110 

n-reines: 115
TEMPS TOTAL: 22.249791
TEMPS SOLUCIO: 1.037067
INTENT: 429
ITERACIONS: 22376
SOLUCIO:  89  23  27  49  61  22  92  68  76  85  70  63  60  45  16  86  72  44  39  43 100  57 113  74   2  97  90  20  31  15  13  50  71  75  83  58  69  14  53  65   1  88 111  96  38   8 105  26 114  87  80  91   3  73 112  51  93   7  55  40  19  48  78 108  82  18  67 102  28  17  42   0 101   4  11 109 104  10  24 110  34  79  94  41  98  30   6  56  95  36  54  64  66  59  84  77  35 106  47  29  21  37  25 103  46  32  62  12  33  52  99  81 107   5   9 

n-reines: 116
TEMPS TOTAL: 24.117903
TEMPS SOLUCIO: 1.867937
INTENT: 742
ITERACIONS: 39117
SOLUCIO:  49  69  31  45 107  96  20  44  87  48  74   1  38   2  24   7   4  42 113  99  17  52 110  16  64  43  95  80  28  53  50  92 103  32  56  46 108  10  55  25  14 100  78  76  39  51  90  27  98  84  58  12   0  23 109  70  94  22  29  13   9 106  41  15  60  93 114 101  59  82  79   6  66  19  97  37  33  36  61  81  57  85  40 102 105  21  73  30  26   5  75   8  18  91  63  35 112  65  54  83  72   3  62 104  71  68 111  88  47  34  86  89 115  77  67  11 

n-reines: 117
TEMPS TOTAL: 26.596832
TEMPS SOLUCIO: 2.478764
INTENT: 964
ITERACIONS: 51409
SOLUCIO:  38  45  88 100  54   6  36  50  57  61  49 109  86  68  73   5  47  51 111  99  33 106  93 114 112  79  63  92  20   4  48  52  40  12  17  77  72  56  11   1  98  23  64  70  55  32  10   0  62 113   2  18  81 101  31  24  19 110  83  15  66  84  95 103  71  85  82   9   3  26 116  29   8 108  60  13 102  75  46  76  90  28  14  22  96   7  89  35  37  43  21  16  25  78  65 104  91  67  58  80  30  42  74  87  27  39  97  44  69  59  53 105  41  34 107 115  94 

n-reines: 118
TEMPS TOTAL: 26.717872
TEMPS SOLUCIO: 0.120864
INTENT: 46
ITERACIONS: 2460
SOLUCIO:  68  65  23   0  93  78  45  97  77  63   8  90  27  80  66  41  24 117  98   1  12  16 100  47  54  59  88  73   2  38  75   3  32  11 116  18  21  53  48  35  67  70  60  99  51  86   9  61  76 108  10  31  58   5  42   6  69 101   7  20  95  84 109  29 102  44 106 103  26  19  56 113  15 105 111  79  13  71  25  33  64  57  37  52  89 110  34  74  30  91 107  50 112 115  85   4  36  62  55  92  81  46  72 104  39  94  96  82  22  40  83  28  17  49  14 114  87  43 

n-reines: 119
TEMPS TOTAL: 27.940613
TEMPS SOLUCIO: 1.222586
INTENT: 459
ITERACIONS: 24800
SOLUCIO:  23 102  92   1  10  40  63  72  83 114  50  90  49  95  68 100  30  20  37   3  76   9  13  48  24  61  54  45  91  25  94  97  52  93  51  32  69  16  82  65  11  17  36  59  56  18   6   2  33  87   0  96  38  80  35 113  78 116 104  28 101   4 112  67  34  27  77  75 107  47  42  66 115  62 108 106 118  22  19  86   8 110  84  88  71  98  43 111 109  99 105  81  85  57  15  46  64  89  12  26  44  55 103  14  41  53  21   7 117  39  29  58  73  79  70  31  74   5  60 

n-reines: 120
TEMPS TOTAL: 27.970688
TEMPS SOLUCIO: 0.029961
INTENT: 10
ITERACIONS: 560
SOLUCIO:   7  26  34  67 112  47  24  61  66  69  21  76  11  62  50 102 119   0  30  43  75  42  81  53  90  19   6  71  28  77  93  74  60 108 118 115   5   9  83  45  87  92 116  82  78  12  51  49  64 105  58  16  85  91   4  96   3 110  14  56 117  57  37  20  18 111 106  27  17  33  23  98  35  88  15 104 107  59 113  80  94  32  63  41  73  44  48 100 114   2  38  10   8  54  68  65  13  22  40  31  86  39  79  95  99  89 109  25 101   1  46  55  36  52  29 103  84  72  70  97 

n-reines: 121
TEMPS TOTAL: 28.006708
TEMPS SOLUCIO: 0.035907
INTENT: 12
ITERACIONS: 681
SOLUCIO:  23  34  49   4  26  74 118  58  87  40  35  88  92  51   2  31  77   7  76  95  19  41  15 111   5  73  97  55  24  37  48 101  69  20  86  45  80  82 105  71 112  98   8  60   0  64  17  29  11 113  63  30  36 106 120 114  70  32  50  99 110  16   6 117  38  56  52  79  62 104 109  25  96  10  12  22 102 119  14  43  84 108  54   1  57  46  91  13  83  72  59  93 107  90  33  65  44  18   9  66 100  81  61  53  47  67  39  85 115   3  27  42  21  89 103  75  28  94 116  68  78 

n-reines: 122
TEMPS TOTAL: 29.081373
TEMPS SOLUCIO: 1.074516
INTENT: 372
ITERACIONS: 20602
SOLUCIO:  28  15  55  30  26  69  97  22  76  72 111   4  42  67  23   9  39 117 101 103  92  62  46  93  81  60 120 105  48  27  59  63   2  91  19  52  87  45  10 113  32  38  17  68  21 116 112  90  44  11  89  51  88  74  66 102 108   5  13  37 100   0  36  14 119  25  65   8 114 106  80  82  75  41  35  29 109 121  85  95  33 115  18  71 110  43  31 118  83  53  61  77  94   6  84  12   1  98  57  49 104  58 107  40  73   3  86  34  99  47  16   7  79  56  96  78  20  50  70  54  64  24 

n-reines: 123
TEMPS TOTAL: 29.298394
TEMPS SOLUCIO: 0.216871
INTENT: 72
ITERACIONS: 4080
SOLUCIO:  19 116  43  18  64  93  37   0  56  70  20  31 108  22  85  55  94  66 105 112  46 115  60  24 100   8 111  84  28  36  65 101  76  83   2  67  13  23 106  73  87  10  38  97  86  26  30  12  39 113 117  90 104  82 120  17  32   5  80 102   3  78  57  21  88  53  15 118   1  25  45  51  61 110  35  74  89  98  50 107  34  48  52   7  62  58  71  81  92  16  69   9  95  14 121 103 114  63 109   4   6  75  40 119  59  49  42  99 122  96  11  68  41  77  44  54  79  33  27  47  91  72  29 

n-reines: 124
TEMPS TOTAL: 30.149776
TEMPS SOLUCIO: 0.851194
INTENT: 282
ITERACIONS: 15926
SOLUCIO:  93  88   1  60 119  29  34  25  39 103  18  47  32  64  80  24  51  38  74  89   9  43  37 101  49  21  69  99  54 109  11  90   4  16 120 102  50  48  98  41 108  68  97  92  85 121 111  27 112  82 100  83  62 106  45 116  20  31   7  52  58  61  40   8  19  13  78  86  65  10 110  59  79  42  87 114   5 107 123  66  33  23  15  73  35  22  17  14 105  28  72  96   6  70  53 118   0   3 104 115  67  26  94  55  12  81  91  63   2  95  36  77  30 117  71  76  84  75 113  57  44 122  56  46 

n-reines: 125
TEMPS TOTAL: 31.247750
TEMPS SOLUCIO: 1.097801
INTENT: 353
ITERACIONS: 20140
SOLUCIO: 105  68  66  35  15 102 110  44  33 111   8  23  36  30  59  50 112  96  40  34  82  41  65  67  64  21  73 107 116  89 115  83  25   9 118  51  42  88  74  92  63  19 124  84  12 104  75  27  32 122  16  99  90 109  57  29 121   4  37  49  55  79  20 113  95  93  38  10 114   2  97  46  17 106  87   0  47  69  61  13  85  72 108  71  94  70  43  39   6 123 120  45   5  80  98  48 117  91 100   7  60  56 103  53  31  14  18  26  22   1  77  52  58  86  24 101  78  76  54   3  81  11 119  28  62 

n-reines: 126
TEMPS TOTAL: 34.680315
TEMPS SOLUCIO: 3.432393
INTENT: 1070
ITERACIONS: 61457
SOLUCIO: 114 123  35  18  36 102  24  87   8  10   0  46  63  53  44  20  93 103  83  65  78  47  26 124  52  42  45   5  97  41  96  51  71  64  15 117 108 101  80   3  19 104  48  40   6  59  94  55  73  25  91 110  17  90  81  37  16 112   2  69  82  32  23 115 118  72  33  22 125  11  57 105  60 116   4  58  34  29  99  95   7  27  66  28  76   1  43  85  61 113 119  39  88  92  74  86 107 100 121  68  54  14 111  56  67  31  49  84   9  13  21  79  50  62  70  38 109 106  77  89 122  30  12  98  75 120 

n-reines: 127
TEMPS TOTAL: 39.704939
TEMPS SOLUCIO: 5.024450
INTENT: 1521
ITERACIONS: 88267
SOLUCIO:  97  37  25  61  54  49 116  80 123  65  38  89  79  56   9  91  82  94 106   0  92  19  28  50 115  43   3  29  90  14  93  72  62   4  51  55  83 101 113  70  12  66  24  27  17  85  53  73  87  40  36 105   7  10  99  21   1  60 126  67  23 110  95 111  57 103  77  34 119  45  74 117  30  42  75   6  76 109   2  16 102  69  26 112 118  11  18 124   5  39  44  81  13  20  68  46 108  32  78  48  59 114 121  64  33  35  52  86   8  98  15  22 104 100  84  31 125 122  71  47  88  96  63  41 107  58 120 

